100000000000
100000110010
100001100100
100010010111
100011001001
100011111011
100100101100
100101011110
100110001111
100111000001
100111110010
101000100010
101001010010
101010000010
101010110010
101011100001
101100010000
101100111110
101101101011
101110011001
101111000101
101111110001
110000011101
110001000111
110001110010
110010011011
110011000100
110011101100
110100010011
110100111001
110101011111
110110000100
110110101000
110111001011
110111101101
111000001110
111000101111
111001001110
111001101101
111010001010
111010100110
111011000010
111011011100
111011110110
111100001110
111100100101
111100111011
111101010000
111101100100
111101110110
111110001000
111110011000
111110100111
111110110101
111111000010
111111001110
111111011000
111111100001
111111101001
111111110000
111111110110
111111111010
111111111101
111111111111
111111111111
111111111111
111111111101
111111111010
111111110110
111111110000
111111101001
111111100001
111111011000
111111001110
111111000010
111110110101
111110100111
111110011000
111110001000
111101110110
111101100100
111101010000
111100111011
111100100101
111100001110
111011110110
111011011100
111011000010
111010100110
111010001010
111001101101
111001001110
111000101111
111000001110
110111101101
110111001011
110110101000
110110000100
110101011111
110100111001
110100010011
110011101100
110011000100
110010011011
110001110010
110001000111
110000011101
101111110001
101111000101
101110011001
101101101011
101100111110
101100010000
101011100001
101010110010
101010000010
101001010010
101000100010
100111110010
100111000001
100110001111
100101011110
100100101100
100011111011
100011001001
100010010111
100001100100
100000110010
100000000000
011111001110
011110011100
011101101001
011100110111
011100000101
011011010100
011010100010
011001110001
011000111111
011000001110
010111011110
010110101110
010101111110
010101001110
010100011111
010011110000
010011000010
010010010101
010001100111
010000111011
010000001111
001111100011
001110111001
001110001110
001101100101
001100111100
001100010100
001011101101
001011000111
001010100001
001001111100
001001011000
001000110101
001000010011
000111110010
000111010001
000110110010
000110010011
000101110110
000101011010
000100111110
000100100100
000100001010
000011110010
000011011011
000011000101
000010110000
000010011100
000010001010
000001111000
000001101000
000001011001
000001001011
000000111110
000000110010
000000101000
000000011111
000000010111
000000010000
000000001010
000000000110
000000000011
000000000001
000000000000
000000000001
000000000011
000000000110
000000001010
000000010000
000000010111
000000011111
000000101000
000000110010
000000111110
000001001011
000001011001
000001101000
000001111000
000010001010
000010011100
000010110000
000011000101
000011011011
000011110010
000100001010
000100100100
000100111110
000101011010
000101110110
000110010011
000110110010
000111010001
000111110010
001000010011
001000110101
001001011000
001001111100
001010100001
001011000111
001011101101
001100010100
001100111100
001101100101
001110001110
001110111001
001111100011
010000001111
010000111011
010001100111
010010010101
010011000010
010011110000
010100011111
010101001110
010101111110
010110101110
010111011110
011000001110
011000111111
011001110001
011010100010
011011010100
011100000101
011100110111
011101101001
011110011100
011111001110
